0000001011110100010010010110100011110110010010011011000000001001111101100000010010011011001111111011
0111011001011111111001110001011010101011010000110000000010010100010010110110111111011001010111011101
0111100000110110010010100010111010111010011000011110111110100101011011010010011001011110111100001111
1011110000010111001011000110010000001010000101111000010011000000000110111111111101100011000011111110
0111110011000101111001111000101000111000010011011001111101001000000100111011110111011000000100001101
1111000101100011001001111011101110000010110110000100010111000000001010100001001011100011000100101101
1110011001110100100100101110110100111010100000111011000000100110100010110010111111111000000011000010
1000101001101011101111111010001111011010110111010111001101011110011110001101100000000010001001010100
0010001101001011001000100111110111001010010010011010110110111110001111110100101110000110011110011000
0111011110101000001010001101000011000001110111011111111001100111000011111101100110111001000000011000
0000110101110010110101011000110111001101001000111010001000100110100001111000110101001001100000100001
1011001100110010110000011011100000011001111001001001001011101100110100101000101011101100000101010001
0001011110101011000111101011001010111100101000110011001100001010111000110001010000011000011010101110
1011100010000011010011000100001100011101101011001000100111100011110110101111110000101110010110110001
0010010010011011111101001101111100001100110011001101001111011011010111000101110111101000001010000110
0001101011100001100111111100010000000110010111010001101111110001101100011110010101110100011010100000
0001101000001101110000100111111001101000110100001111100000000011100101110101110100000011110000000010
1111111000111110010101110000111010010100110101011001010110101111101010111111111011011010001011011100
1011101010000010011100101000011100100010011110100000100111001111110101101101000001010100111011100000
1001101001000000101010001111101000110010111011110010001101100110001110011100001011000000100001100100
1000011001011000000111001101001010011000101101101111101110111101101101110001001101100000100111110000
1100010100111010110001101001010000000111111110111010100001101001111001011010110101001101100110001000
1011101101101010110111000110110001100011110001110001000110111011101100010001100010101111010011011011
1101011010000101000111000111011000010011011111101110000010011001001010110000011100011000101111010100
1100100010011110101001100100011100011011101001111000111001001100001111100110010110011110000110111100
1111001111001001010100110111111110000001001011011101110111111000000001101110110111100011101111100111
1101001011010000010000000010101001011110111001010010110001011010110000000110011110100000000000110001
1011100000110010100111101111010000100111110010010001001001000001111010111110101110001111010001111000
1000110010110001011111010111011111110011111001001111001101100000111010111100001010000111110001110111
0110001001110010011101011111100001001001011011100000000100110001001000101010001110000111110001011111
1010001111000111001010110001101110011110011011101010111110001000110111001011001110000101100001111011
1111011110010010011010100110010011000010101101100101011000001010100011100111100110001110111110010011
0110110010010110001111001100000100001101111110100100100111011100100010100001100001111110000100111011
1011001010000011100110111011101111010101101000011000100101110000110000000100111000101110100100110001
1001011111011110110101000100110110000100010000110101100100011011000011010110010001110001101011001110
0100111100111010110110110000001011001100111011111011110101001111111011001110001110000100100100000000
1110010110011100101111011110110100111110110100011010000100111110001100000100101111111110011001010010
1101010110000000110111110000110001000011110000011101100000001100010100101011011100111000101100110111
1001011010110010111000001000010110010000110110010111101111100000010101001000001100100101101101000101
1000101011000010101011101010000100101110110001000100110100100011000101011111001100111110111000110011
0101111100100110110001101001011101011101101000110010011011101100001111101011000001110101100011001101
0010011110010010001000010110011010010010100101001000011110100000110101111100100100111111000010010100
0101110101011010010111010000110000011001111000111010111100010101001010100101111011001101001010011001
0111011100110110110110010111111011110111100000100111000000101000000001011011110100110000101001001111
0111111111100110011011011110110000010101000011011101000111110010100101110101000101000011111110000010
1111100101000110001000011100011001001001010110101011000100000110100100111101111100001000000100000001
1011000101100111111100101111101011011001111111011101001010010101010001101101100100001110001111010001
0001101011100011011001110011011110100010000010011011000001000011111010011011110111111100001110110100
0011010000011100111010111111011110111110110101111001110010000100110000100101010000010001001101001110
1010001110101000110011010011000111110110001111100111101001001000111001000100001111101110111010001010
0011000100101111001000100101001011000100011110000110110110101001101100001010011110010010110011001101
0110000011010100010000110011000011000110000000010011101000110011001111110001100011011111000011110011
0111100010011000001111001010010011110110000101011111001100010000100110000000100100000110110110010110
1101011010100010101101011110010011111010100101011000111001000101010100110100110000011001011101000101
1010101001000011000100011010111011111010011101101111010101110001101101001000001010001111011010011000
1000000011011111001011111011111101000011001110101010110011110010100100001011000000100000010100001110
0110101000001000011010101011100000100001101001011010000101110001100011000110011000110101010100101100
1110100010101100000001001110101100100101100100011001000000100001010110000100001100011101011100111001
0100100110001110111011000111010000010110000110010111001111100000100111101110110101011111111001101000
0100001001111001101011000001010101101111011101101100111001000011101110100000100001001010011111010011
0010010011110011011100101100000100100101001110011100010011000100000101110001001011001010100011001110
0010100000001001100000010001100110110010100101100010100101101001010001110100000010010000101101101100
1101101010110010001111111010011100010101010111010000100100000100010101110010011101100101101100100100
1110100001001100001000100011100011011010101011001110000001000011001000001111111100010101011110100001
1111011011110011000100001010111110111110101100111000101101011101011000100110111000010111111001101101
0100000010011000011000111000110110000000101000000011000010000010000000100010110011000011000111100110
0101110101110110011001011111110110100001101001110001111011010000010011100010000111101111101100110111
1000011111110111101110001111101110010100000101010000001110000010001010011101011000100101100101001011
0100110100101100100111001110110001110111001111000111110111001001111010101111000111011110101111011001
1001110011011111000001001111011010110000110000111001111101011100001110010100110100001101110111100110
0111011010110101001011110100011100011001010101001001010100111100000110001010100001011011100000010110
1000100011000110110011100111111110101111011001001101011000111001101011010100011111011111000111011000
0000010010011000011110000100001001110110010100111101110000011001111110111001111111101101011001000001
0011101101101111000000001000011101011101011100111011111001110100010010111101111101111111100011011010
0101010111101011100100111110110101011110101101001110110101000010011001101111101110001001011100001010
1110101010100111110101110001001100000001011010001111101111110000001110011101000011001000110101000100
0011010110110000011100000101010110001100111010100000111001101111101010010110010011110111000101101000
1011100100000111011000000111101000000101001011011010011101011110000010100010001001011010000011010000
0110101100001001101010001011110110110101101001011101110101000111101011100001010100110010100110000110
0011001010010110100111000101010010000011000110111110111111001111010001101100101101001011000111011010
0011010010100000011001011110010001101010010101011010100000011111011011011110110001000101011010011011
1001010101111010101011000001010010100111101001011110011001011000101111100111000010001000100001101100
0010000000101100000110011111111011010010000011000100100100011001000010001001000000100111110010110010
0010110010001001001011001000110110001001001110101010110110101011010010110010100111011101001100001011
1001010010110001001100011001100111111101000111100110010111101110110110100001111010011011001010001100
0110001011000111100101111010011100110011110011001011011111011111010000010010001001101101100111100000
1100010111111010001100111010101000110101010101000011011011101010111110000010101100000000011001111111
0101110110101001100100101001110101010110110110011011100100100100011111011100010010010100001000010010
0110100010111000101111001101101111101011110011000010011100010010010101100000101101011000000000010100
1111010101010111100100000100110100011011101101001100100111001000110010110010111101001111000001010111
0101110001011100101000001001000000101010110010011111000011001010011111111110110111110001101110001000
0101000001101111010011111000110110000010001011010111101011001000010000101010101100010000110011011001
0100001010110010110111000111000011000000001010000101011101101111010010111101111000000100010111100010
1111111001100001110110011100100100010000010000010001001011111110101000100101110011101010001110000011
1100110010011000101010110100001010101010011101100111011010011100111010101000010111100110001000111110
0100101001010000001001111011101010110101011110111000101101011001100010100100110111000101011111111001
1010111111110100101011011100110101110100100001111000011001110011100101011111001111110111101100110100
1110001101000101010100110111001110011001101000111100101000100111001000000001101011011100100111000111
1110101111111110111101100011101000101001011010011001011011110001011100100011001100011010111100110010
0100011110010001110000100000111110101111110000101111101011001101100101100000001110100000000000010101